239.783035
215.804764
188.829208
167.848221
149.864517
128.883530
104.905197
92.916031
56.948536
29.972914
236.785751
212.807480
185.831924
164.850937
146.867233
128.883530
104.905197
89.918739
56.948536
2.997291
236.785751
212.807480
185.831924
164.850937
146.867233
125.886238
101.907906
86.921448
29.972914
2.997291
233.788467
209.810196
182.834641
161.853653
143.869949
122.888947
104.905197
62.943119
38.964787
5.994582
233.788467
209.810196
182.834641
161.853653
143.869949
122.888947
83.924156
56.948536
32.970203
5.994582
230.791183
206.812912
179.837357
158.856369
140.872665
101.907906
80.926865
59.945827
35.967495
8.991873
227.793900
203.815628
176.840073
155.859085
122.888947
104.905197
83.924156
62.943119
38.964787
11.989164
224.796616
200.818344
173.842789
140.872665
125.886238
107.902489
86.921448
65.940407
41.962078
14.986456
221.799332
197.821060
155.859085
143.869949
128.883530
110.899780
89.918739
68.937698
44.959370
17.983747
221.799332
176.840073
161.853653
149.864517
134.878098
116.894363
95.913322
74.932281
50.953953
23.978331
194.823776
173.842789
158.856369
146.867233
131.880814
113.897072
92.916031
71.934990
47.956661
20.981039
